3000
8795
53485
51823
40171
21495
3670
62438
45535
53967
57792
47970
51247
62702
17980
27042
17187
43623
5717
52114
27908
37389
32150
60746
46348
20383
36337
8963
40111
3491
26910
28733
59604
57840
61529
42120
61370
4977
12554
13607
53136
42465
15018
53378
7607
48483
54460
26370
10374
19558
49659
21108
15884
33356
11156
60295
61370
52469
13127
11048
60772
11056
63752
31979
38865
34325
65399
8043
44178
52197
25974
61706
38888
23623
61820
20899
53017
50233
12366
30311
43759
56200
41960
45755
14478
40652
7045
31131
23471
62422
10859
17717
63899
15179
25472
55329
7565
50545
35608
849
38479
4561
37328
65424
16286
5570
37490
38811
24829
34178
40060
39607
31930
29213
9351
64852
56806
11447
3769
30764
51342
47576
27821
35978
38238
44357
60220
26693
16096
50525
13475
60365
4915
19379
5002
60033
51084
9258
15142
57302
4994
38014
17154
42209
5852
30721
39226
63370
1602
38565
6002
51643
12117
51106
9409
41277
9270
65314
13430
49909
28443
16338
17945
19474
18688
1310
18943
46028
32871
15776
58839
54997
42898
32494
43444
42110
14812
10508
61156
46024
14141
43048
8716
30081
39072
39833
24710
55070
26886
6514
2391
2605
33659
35426
4897
48177
19983
13003
48666
29935
62331
44988
8630
35765
55616
49506
25963
20849
29648
15492
24947
45914
20343
64097
23339
58196
42970
60823
28624
3509
19174
64543
39777
610
43946
65061
42770
3939
61294
59303
26370
22354
45157
5061
47149
19630
3872
19602
35308
61069
11091
11662
49258
4401
1841
4499
62179
45194
19327
54171
28723
45385
3837
15424
49624
57770
12084
16555
16380
45890
35831
64237
35778
26028
32716
989
48940
60563
48803
7082
22229
9522
44929
42147
49258
13732
50662
43954
48355
40407
4687
10104
34252
25823
34651
53994
46383
22490
28676
60913
5814
55312
33901
7985
49654
46697
31513
20792
39024
61785
1389
23452
41349
23027
52466
33281
55742
37679
19685
49142
11677
5680
42381
44428
16652
54585
46800
48388
51052
20395
45532
9040
62435
57848
49297
60020
35185
28419
35127
15177
24015
11157
63411
41849
31751
64055
26545
2328
13285
60476
46825
44912
13425
52914
59449
31856
45439
13535
27085
60441
39320
59611
9936
27506
4604
41809
51521
20280
1259
8300
49224
10234
14978
14081
9108
48570
39165
17115
39481
44294
7704
41439
19641
9880
29400
65404
15172
9641
42397
57630
17461
2086
20008
11084
49345
35647
52319
57307
63376
1681
20393
64622
11358
23769
12653
25594
51569
33431
60551
65489
55661
65023
38106
35737
44732
12255
20621
46489
26323
8026
38795
45061
50239
33395
14434
62252
18387
45014
39765
39179
14560
27444
61479
25610
31547
14667
53356
35334
18764
17240
2606
50375
40341
14277
21628
55325
54164
63301
27831
48602
43121
61176
50925
26480
47691
31070
35022
38417
13805
32121
56605
41792
59388
17806
59328
20189
3333
29120
20635
17236
17690
18088
49105
7879
4179
61720
63661
30478
23483
48871
60436
43200
26190
38139
65450
56578
46524
60721
30363
49439
55086
32643
60405
1042
15153
2259
57183
2945
59907
52196
41888
4415
63525
54756
28043
16087
16290
27688
43262
35779
47641
33940
9249
26455
1911
47502
36281
16173
59096
50675
26124
4136
12138
31061
295
39307
51052
270
61727
55536
7511
56273
60918
59855
17249
23410
39584
40350
21964
2056
53874
26890
45475
55388
9029
286
28943
6725
56811
1840
62873
10810
35806
56784
9376
6223
25870
35435
38989
62010
36606
55524
62645
16958
60982
44601
61128
4621
18276
6147
22120
21279
28163
38376
42992
25637
38398
58084
43150
47307
19380
5147
19855
42749
36280
52395
28283
34492
27685
65389
23881
43083
1665
56122
42275
60344
53602
2664
40883
50459
31784
1235
57423
16025
21550
23390
19670
42041
35076
18094
6898
19095
39927
28368
24244
43110
40848
35173
51909
24519
49424
42373
11197
63560
8546
33365
54443
53452
62510
15736
1079
8704
38179
50014
29851
62173
7549
23333
5889
20700
34938
13460
2307
27036
42187
14084
21322
50085
40472
17885
63205
33901
31650
31014
22029
45656
25399
16512
35102
46911
4426
19257
45944
6763
52058
17181
49823
50425
4114
44919
5522
63710
39958
40106
39047
1531
41548
14661
47795
20927
42531
27982
61014
20844
34027
23168
55227
1237
25629
44620
64453
29756
23726
5812
17165
55212
31374
1108
30943
52505
39470
5068
38580
19754
41031
2523
2683
39096
47199
44537
43340
56163
43288
4459
60966
46650
51268
60101
54915
53344
51298
47609
53793
12171
3041
58795
4432
48902
42017
4528
6926
40440
55744
38561
9017
40281
31844
28112
38482
38759
8577
41310
52551
54715
32339
36998
48490
44274
45393
12906
47220
27888
21809
12241
15270
10172
52037
52509
17599
1791
12038
29421
23812
40271
45288
21554
20276
1350
46550
34256
27180
43237
35467
33937
63619
12351
61844
62638
47804
37706
30483
36967
20233
24550
41528
7055
29806
30559
41056
34500
32851
23988
25764
39031
33467
32076
59273
47686
57231
52125
57404
22690
20495
6912
7043
26508
40810
13189
20071
35794
11956
58499
46062
29309
38724
33567
59479
33470
11513
23346
47399
12186
52443
8234
10951
16394
17734
22272
55756
54504
50348
29039
27294
19821
30755
6451
44383
23594
52421
12564
59536
14567
25442
54362
51894
22133
36555
7430
27971
63518
22247
31064
43079
28507
14165
41629
31365
21080
48336
58833
13230
9263
27128
62148
18829
23456
59373
9299
44246
33320
2718
33846
8562
65026
198
19196
39091
37988
40443
27043
3129
34817
54958
43396
36465
35079
42056
2521
37930
14760
53136
25584
14729
31485
55945
47149
65112
54221
3716
19266
10789
15400
49169
25546
27261
16258
11855
49655
62642
29162
5897
5299
23455
32180
39511
48689
45216
54369
22560
13703
28705
12662
42440
34757
7581
26306
15032
47443
31531
16784
64978
42142
38360
3505
33839
1302
50323
16430
63822
33325
31499
65144
18968
9396
61365
33241
38200
52946
64359
8309
46215
15231
60641
3867
41658
8806
58014
41023
5818
20623
25665
58990
51398
35193
43674
41524
58832
36762
15478
22103
32887
49862
9900
14477
44628
55035
14907
37329
8365
33537
62265
32538
43707
62490
14801
875
25255
57097
19255
1348
1592
16247
11787
19897
34455
4358
1019
32012
10355
25056
58418
23035
25687
10526
14115
64510
40972
60610
34589
20503
